1297169 1297523
1297171	1297537
1297193	1297561
1297201	1297573
1297211	1297601
1297217	1297607
1297229	1297619
1297243	1297631
1297249	1297633
1297271	1297649
1297273	1297651
1297279	1297657
1297297	1297669
1297313	1297687
1297333	1297693
1297337	1297727
1297349	1297739
1297357	1297771
1297367	1297781
1297369	1297799
1297393	1297841
1297397	1297847
1297399	1297853
1297403	1297873
1297411	1297927
1297421	1297963
1297447	1297973
1297451	1297979
1297459	1297993
1297477	1298027
1297487	1298039
1297501	1298047
1297507	1298053
1297519	1298057
